000000 000010 0.9325930903626081 -0.3598507175681532 -0.027886322814544087 -1.9562756868980444 0.3600835880347184 0.9329128978751016 0.003659016125772851 -0.12440842673086727 0.02469881168820417 -0.013453777110073978 0.999604373194137 -0.05062443032515428 
000001 000011 0.9177227986245778 -0.3957512243166276 -0.03414605819632248 -2.1109293251049848 0.3961938017041213 0.9181397643525779 0.007063813976877049 -0.16056198606338418 0.02855533657625661 -0.020011079494986286 0.9993918620279209 -0.061715292003857974 
000002 000012 0.9026521033300672 -0.42857264187392063 -0.03930308667971714 -2.2553328530762116 0.4291613244815354 0.9031959408473846 0.007585856171467267 -0.20527178363009824 0.032247305337391625 -0.023714753687530007 0.9991985405530983 -0.0722417727154091 